[Coarse gain]	[Voltage kV]	[Gaussian mean]	[Gaussian FWHM]	[FWHM/mean]
100	1136 128.60 17.5920 2.77 0.136796
100 1191 168.58 14.2833 3.00 0.0847
100 1244 226.81 18.4384 4.07 0.08129
100 1297 301.98 21.6383 2.76 0.071654
100 1351 412.62 28.1866 3.18 0.068311
100 1399 545.00 22.1686 4.85 0.0406
40 1397 220.94 15.1745 2.70 0.06868
40 1455 314.73 16.8896 2.67 0.05366
40 1502 426.62 19.5337 3.19 0.04579
40 1559 621.38 28.3397 3.60 0.045608
20 1559 303.02 16.3024 3.04 0.0537997
20 1603 405.14 19.0991 3.61 0.047142
20 1666 624.73 21.7239 3.54 0.034773
10 1665 308.05 14.3066 3.32 0.046442
10 1712 426.93 17.9378 3.85 0.042016
10 1758 586.01 19.8277 3.96 0.033835
4 1757 237.59 14.3009 2.63 0.060192
4 1808 343.37 17.9069 3.07 0.052150
4 1858 493.73 25.7547 3.45 0.052164
4 1899 670.38 17.5798 4.31 0.026224
2 1900 327.99 12.4096 4.27 0.037835
2 1951 474.08 17.0162 4.06 0.035893
2 2001 687.97 5.6897 3.32 0.0082701
